# Topology: Powerlaw Cluster (n=40, m=2, p=0.3)
# Params:   n=40, m=2, p=0.3
# Nodes:    40
# Edges:    76
# Seed:     0
0 2
1 2
1 3
1 5
1 6
1 8
1 10
1 12
1 16
1 21
1 25
1 26
1 31
1 39
2 3
2 4
2 5
2 13
2 17
2 20
2 26
2 28
2 29
2 33
3 4
3 6
3 7
3 8
3 9
3 18
3 23
3 28
3 30
3 31
3 32
3 34
4 11
4 18
5 7
6 11
6 35
7 13
8 9
8 10
8 12
8 14
8 30
8 36
8 38
10 14
10 15
10 16
10 17
10 19
10 25
10 27
11 24
13 24
13 35
13 37
14 15
15 23
15 38
16 27
17 19
17 20
17 22
17 34
18 21
20 22
22 39
23 29
24 37
27 33
28 32
32 36
