Dataset=as20000102.txt
Nodes=1200 Edges=2994 K=15
ExactBrandesTime=0.165951s

# Exact BC for targets
NodeID,ExactBC
0,0.92688542
9,0.02614138
6,0.01524568
1,0.01073294
7,0.00472143
2,0.00302487
17,0.00266447
31,0.00206860
843,0.00000000
838,0.00000000
512,0.00000000
669,0.00000000
1050,0.00000000
743,0.00000000
899,0.00000000

# T-Sweep
T,ClassicAcc%,ClassicErr%,ClassicTimeSec,ImprovedAcc%,ImprovedErr%,ImprovedTimeSec,Speedup
5,85.71428571,63440405.07791851,0.01144300,80.95238095,67741723.48796478,0.00103600,11.04536680
10,97.14285714,55845149.54472353,0.01824900,98.09523810,65788116.91757508,0.00741400,2.46142433
20,96.19047619,80092687.35740928,0.04286000,100.00000000,63377940.95161042,0.01122500,3.81826281
30,99.04761905,71474814.62263086,0.05563800,99.04761905,78928474.55627869,0.01574300,3.53414216
50,98.09523810,77193176.35281228,0.09450400,100.00000000,75468000.92585994,0.02575200,3.66977322
75,99.04761905,76787504.67162384,0.15019300,98.09523810,62462528.32545717,0.04160800,3.60971448
100,100.00000000,83543174.74583338,0.18437900,100.00000000,74937304.00840111,0.05294400,3.48252871

# Prob vs T pivotNode=0 exact=0.92688542
T,ClassicEst,ImprovedEst,Exact
5,1319642.85234036,1236236.68324123,0.92688542
10,1716416.58796713,1351841.54328447,0.92688542
20,1120010.21854526,1295385.87887329,0.92688542
30,1310912.30015359,1341062.00008218,0.92688542
50,1365239.41581824,1344058.88113910,0.92688542
75,1243373.36859022,1326326.17670024,0.92688542
100,1220215.22316366,1330225.52721597,0.92688542

BestT=20 BestImprovedAcc=100.00000000%
