Dataset=CA-HepTh.txt
Nodes=1200 Edges=4079 K=15
ExactBrandesTime=0.257404s

# Exact BC for targets
NodeID,ExactBC
0,0.24887330
2,0.07604105
1,0.04166943
6,0.03917769
4,0.03783649
5,0.03783053
56,0.03780064
19,0.03510328
543,0.00052764
781,0.00051906
1091,0.00000000
447,0.00008722
348,0.00155537
453,0.00023473
986,0.00070887

# T-Sweep
T,ClassicAcc%,ClassicErr%,ClassicTimeSec,ImprovedAcc%,ImprovedErr%,ImprovedTimeSec,Speedup
5,94.28571429,104136028.81379420,0.01727000,90.47619048,115798728.78013550,0.00635000,2.71968504
10,91.42857143,135155574.27593693,0.03631500,95.23809524,132066426.38339825,0.01083000,3.35318560
20,88.57142857,140719441.23018053,0.06877000,89.52380952,147200431.28266308,0.01884600,3.64905020
30,94.28571429,141602281.79640660,0.10083100,93.33333333,151852266.89802343,0.02784800,3.62076271
50,94.28571429,132011850.43777481,0.17219300,94.28571429,126549778.53038076,0.04565300,3.77177842
75,90.47619048,133059515.58394212,0.26968100,94.28571429,136229042.07463589,0.09911900,2.72078007
100,98.09523810,129998076.80592754,0.33568200,94.28571429,125055327.33711490,0.08312300,4.03837686

# Prob vs T pivotNode=0 exact=0.24887330
T,ClassicEst,ImprovedEst,Exact
5,305037.82677373,275168.49025219,0.24887330
10,432567.61883408,446459.40202078,0.24887330
20,335039.49504979,324602.53676139,0.24887330
30,331389.38580449,350568.84227091,0.24887330
50,306941.33619712,312592.14620010,0.24887330
75,296719.96587891,416300.79579302,0.24887330
100,393794.96884287,340783.77607190,0.24887330

BestT=10 BestImprovedAcc=95.23809524%
