Dataset=p2p-Gnutella08.txt
Nodes=1200 Edges=5668 K=15
ExactBrandesTime=0.344881s

# Exact BC for targets
NodeID,ExactBC
0,0.10633018
4,0.08047999
115,0.05006553
114,0.03674111
100,0.03403597
120,0.03275450
119,0.03177577
118,0.03127009
1078,0.00049433
623,0.00047793
539,0.00012186
741,0.00026363
420,0.00099492
765,0.00034664
1175,0.00059177

# T-Sweep
T,ClassicAcc%,ClassicErr%,ClassicTimeSec,ImprovedAcc%,ImprovedErr%,ImprovedTimeSec,Speedup
5,90.47619048,140076686.22052237,0.02221900,88.57142857,152675454.34033287,0.00890200,2.49595596
10,93.33333333,135887714.02529871,0.04357200,93.33333333,149062050.20161235,0.01249000,3.48855084
20,90.47619048,146588436.13557541,0.08617200,93.33333333,146696628.48183927,0.02254600,3.82205269
30,90.47619048,134827877.78562322,0.12484200,95.23809524,140382897.29404587,0.03540200,3.52641094
50,97.14285714,137415452.29914793,0.20410300,92.38095238,144939377.76153991,0.05923000,3.44593956
75,96.19047619,140717020.31870130,0.31377400,95.23809524,144535923.60400546,0.07769200,4.03869124
100,95.23809524,142287382.73566478,0.40408000,96.19047619,150035369.89661226,0.10437400,3.87146224

# Prob vs T pivotNode=0 exact=0.10633018
T,ClassicEst,ImprovedEst,Exact
5,188780.43177782,140909.13463420,0.10633018
10,188714.83187623,167975.10411276,0.10633018
20,161464.45028173,120554.71311376,0.10633018
30,142239.40358072,204019.44621141,0.10633018
50,153775.07016349,152924.77618520,0.10633018
75,161994.42855965,156162.55241295,0.10633018
100,158980.23068206,141839.09829083,0.10633018

BestT=100 BestImprovedAcc=96.19047619%
