Dataset=Wiki-Vote.txt
Nodes=1500 Edges=44642 K=15
ExactBrandesTime=2.66663s

# Exact BC for targets
NodeID,ExactBC
0,0.21241274
1,0.11472140
17,0.03795878
22,0.03603780
46,0.02759332
32,0.02496220
41,0.02187049
1297,0.01561130
901,0.00012158
717,0.00011937
612,0.00004209
1259,0.00006807
350,0.00023031
259,0.00008648
108,0.00014370

# T-Sweep
T,ClassicAcc%,ClassicErr%,ClassicTimeSec,ImprovedAcc%,ImprovedErr%,ImprovedTimeSec,Speedup
5,93.33333333,197340931.90860498,0.13811400,92.38095238,249654104.57554734,0.04134500,3.34052485
10,96.19047619,206156282.69954872,0.29886000,97.14285714,242899078.53623834,0.08485000,3.52221567
20,94.28571429,227375308.95313597,0.52204600,98.09523810,218721400.83941093,0.19195700,2.71959866
30,97.14285714,205922884.06689602,0.79557900,89.52380952,214355835.82134920,0.21493200,3.70153816
50,97.14285714,226487568.01838496,1.36383500,97.14285714,228405678.05572715,0.42689800,3.19475612
75,99.04761905,226022594.27894753,1.99945200,96.19047619,213467512.88248461,0.56002900,3.57026511
100,99.04761905,222728818.01559517,2.67097000,97.14285714,222697516.98843026,0.85556900,3.12186393

# Prob vs T pivotNode=0 exact=0.21241274
T,ClassicEst,ImprovedEst,Exact
5,324038.57109342,476522.62830371,0.21241274
10,442205.45978782,477242.33794826,0.21241274
20,530475.03212778,464781.06361897,0.21241274
30,430899.56011433,565975.49383693,0.21241274
50,406941.43883502,468034.98045552,0.21241274
75,401463.03559154,511357.43023525,0.21241274
100,419312.17694370,461153.28282483,0.21241274

BestT=20 BestImprovedAcc=98.09523810%
