Dataset=Wiki-Vote.txt
Nodes=1200 Edges=34841 K=15
ExactBrandesTime=0.582524s

# Exact BC for targets
NodeID,ExactBC
0,0.30454227
1,0.06167827
22,0.04249805
17,0.02140928
32,0.02042875
41,0.02023085
960,0.01565735
46,0.01564781
527,0.00010521
768,0.00010195
1013,0.00002854
138,0.00005004
989,0.00023286
228,0.00006624
58,0.00013207

# T-Sweep
T,ClassicAcc%,ClassicErr%,ClassicTimeSec,ImprovedAcc%,ImprovedErr%,ImprovedTimeSec,Speedup
5,89.52380952,148145953.81430659,0.04107100,94.28571429,149752590.01772708,0.01226600,3.34836132
10,94.28571429,148058540.14181864,0.07404500,97.14285714,129069577.98192483,0.02225200,3.32756606
20,99.04761905,141264895.67180273,0.14802900,93.33333333,137033694.55957204,0.03952500,3.74519924
30,93.33333333,137448308.11129573,0.21896800,97.14285714,146697704.64997208,0.06046400,3.62146070
50,96.19047619,146594746.66369525,0.35239100,96.19047619,145865746.02259374,0.09447300,3.73007103
75,96.19047619,143482722.46056762,0.51955600,97.14285714,144843704.74822110,0.14067500,3.69330727
100,98.09523810,146365947.54754069,0.70519600,99.04761905,141434965.38380688,0.19566300,3.60413568

# Prob vs T pivotNode=0 exact=0.30454227
T,ClassicEst,ImprovedEst,Exact
5,421935.27802968,466174.97261211,0.30454227
10,522995.35462660,416256.12310950,0.30454227
20,433983.68095755,480897.10816164,0.30454227
30,441308.15801587,423822.33923587,0.30454227
50,492416.71890896,457316.41075591,0.30454227
75,412112.41741776,423048.70584017,0.30454227
100,430490.14341190,444328.12343616,0.30454227

BestT=100 BestImprovedAcc=99.04761905%
