0 1
0 2
0 3
0 4
0 5
0 6
0 7
0 8
0 9
0 10
0 13
0 19
0 21
0 22
0 25
0 29
0 31
0 34
0 35
0 37
0 38
0 40
0 44
0 45
0 49
0 50
0 57
0 58
0 66
0 67
0 83
0 86
0 89
0 90
0 94
0 101
0 108
0 116
0 118
0 119
0 123
0 125
0 126
0 180
0 185
0 192
0 195
0 206
0 218
0 233
0 234
0 238
0 245
0 251
0 267
0 277
0 280
0 282
0 283
0 284
0 286
0 288
0 315
0 325
0 327
0 344
0 347
0 377
0 378
0 380
0 390
0 404
0 420
0 435
0 446
0 455
0 484
0 492
0 499
0 508
0 511
0 529
0 531
0 534
0 537
0 543
0 552
0 556
0 575
0 582
0 584
0 585
0 613
0 615
0 638
0 654
0 689
0 695
0 729
0 762
0 776
0 792
0 824
0 838
0 843
0 853
0 855
0 877
0 881
0 894
0 931
0 935
0 938
0 995
1 5
1 7
1 9
1 10
1 15
1 21
1 22
1 26
1 28
1 29
1 31
1 39
1 43
1 49
1 73
1 76
1 102
1 116
1 122
1 143
1 144
1 156
1 168
1 173
1 193
1 198
1 232
1 239
1 242
1 244
1 249
1 258
1 285
1 293
1 305
1 307
1 331
1 337
1 344
1 350
1 368
1 383
1 415
1 420
1 428
1 454
1 456
1 461
1 465
1 483
1 498
1 532
1 568
1 583
1 591
1 615
1 623
1 665
1 671
1 678
1 732
1 906
1 912
1 955
1 956
2 5
2 6
2 7
2 8
2 10
2 11
2 12
2 13
2 17
2 18
2 21
2 45
2 46
2 60
2 82
2 85
2 87
2 88
2 92
2 94
2 95
2 103
2 105
2 109
2 111
2 113
2 114
2 127
2 130
2 138
2 143
2 149
2 150
2 158
2 165
2 166
2 169
2 170
2 172
2 183
2 185
2 187
2 195
2 197
2 209
2 214
2 240
2 255
2 260
2 275
2 298
2 300
2 306
2 312
2 320
2 327
2 355
2 356
2 359
2 391
2 392
2 407
2 414
2 419
2 433
2 444
2 459
2 469
2 501
2 515
2 545
2 547
2 558
2 559
2 560
2 585
2 591
2 605
2 614
2 624
2 666
2 726
2 764
2 789
2 790
2 791
2 861
2 907
2 914
2 934
2 954
2 995
3 11
3 13
3 30
3 34
3 35
3 40
3 49
3 93
3 145
3 271
3 272
3 287
3 323
3 371
3 384
3 427
3 446
3 475
3 818
4 5
4 6
4 8
4 9
4 10
4 12
4 14
4 19
4 24
4 27
4 36
4 39
4 61
4 62
4 66
4 76
4 80
4 84
4 100
4 102
4 119
4 135
4 151
4 171
4 180
4 187
4 190
4 206
4 229
4 232
4 247
4 266
4 278
4 300
4 305
4 351
4 428
4 436
4 440
4 471
4 535
4 538
4 550
4 630
4 638
4 705
4 716
4 720
4 797
4 806
4 828
4 835
4 837
4 859
4 878
4 884
4 919
4 960
4 967
5 6
5 7
5 12
5 15
5 20
5 22
5 28
5 30
5 32
5 33
5 34
5 46
5 47
5 48
5 53
5 59
5 70
5 78
5 81
5 87
5 104
5 110
5 122
5 129
5 130
5 132
5 134
5 176
5 187
5 194
5 199
5 205
5 215
5 217
5 220
5 229
5 230
5 231
5 248
5 253
5 261
5 280
5 281
5 286
5 287
5 330
5 333
5 342
5 357
5 385
5 399
5 401
5 426
5 432
5 437
5 467
5 468
5 472
5 561
5 579
5 622
5 645
5 667
5 701
5 756
5 777
5 779
5 789
5 823
5 826
5 834
5 882
5 887
5 916
5 926
5 930
5 933
6 13
6 14
6 25
6 28
6 30
6 43
6 51
6 82
6 98
6 107
6 109
6 111
6 113
6 116
6 131
6 153
6 155
6 157
6 224
6 225
6 226
6 236
6 237
6 299
6 316
6 323
6 358
6 370
6 372
6 392
6 447
6 460
6 467
6 472
6 474
6 484
6 491
6 510
6 570
6 574
6 588
6 592
6 613
6 630
6 662
6 696
6 712
6 728
6 759
6 779
6 798
6 837
6 901
6 932
6 947
6 975
6 986
7 8
7 22
7 23
7 26
7 56
7 110
7 132
7 135
7 139
7 144
7 170
7 183
7 194
7 216
7 223
7 228
7 248
7 263
7 314
7 347
7 348
7 367
7 393
7 434
7 514
7 565
7 594
7 615
7 622
7 624
7 649
7 679
7 687
7 759
7 819
7 844
7 869
7 908
7 912
7 950
7 999
8 9
8 11
8 12
8 16
8 20
8 21
8 23
8 27
8 31
8 34
8 44
8 50
8 55
8 58
8 59
8 72
8 81
8 86
8 104
8 106
8 131
8 147
8 156
8 159
8 167
8 174
8 176
8 177
8 184
8 207
8 227
8 229
8 255
8 265
8 274
8 287
8 302
8 312
8 332
8 335
8 343
8 349
8 411
8 416
8 421
8 425
8 427
8 431
8 477
8 495
8 510
8 540
8 600
8 622
8 624
8 668
8 719
8 739
8 767
8 773
8 820
8 869
8 873
8 880
8 924
8 995
9 14
9 16
9 19
9 29
9 43
9 54
9 62
9 64
9 73
9 76
9 116
9 117
9 163
9 202
9 209
9 215
9 223
9 255
9 308
9 330
9 336
9 520
9 537
9 546
9 626
9 634
9 788
9 796
10 11
10 17
10 18
10 25
10 32
10 33
10 36
10 38
10 39
10 53
10 61
10 72
10 74
10 78
10 85
10 98
10 106
10 119
10 138
10 143
10 150
10 154
10 156
10 162
10 169
10 171
10 189
10 213
10 248
10 295
10 326
10 342
10 416
10 461
10 486
10 537
10 571
10 578
10 606
10 643
10 691
10 699
10 726
10 741
10 750
10 874
10 920
10 996
11 16
11 17
11 24
11 27
11 32
11 38
11 68
11 73
11 84
11 88
11 90
11 101
11 111
11 124
11 134
11 137
11 155
11 177
11 186
11 198
11 218
11 225
11 231
11 235
11 243
11 244
11 250
11 262
11 282
11 291
11 306
11 313
11 329
11 338
11 352
11 362
11 385
11 388
11 396
11 403
11 415
11 418
11 427
11 450
11 454
11 465
11 473
11 475
11 478
11 487
11 511
11 546
11 575
11 604
11 638
11 657
11 693
11 709
11 811
11 816
11 823
11 842
11 876
12 15
12 41
12 60
12 78
12 95
12 205
12 240
12 247
12 263
12 300
12 306
12 471
12 542
12 640
12 931
13 14
13 18
13 19
13 20
13 31
13 37
13 42
13 45
13 46
13 52
13 53
13 57
13 69
13 70
13 77
13 96
13 97
13 118
13 123
13 126
13 136
13 137
13 157
13 179
13 181
13 231
13 312
13 323
13 337
13 364
13 368
13 378
13 380
13 382
13 422
13 477
13 486
13 497
13 505
13 509
13 568
13 593
13 642
13 647
13 652
13 674
13 709
13 772
13 789
13 815
13 833
13 834
13 842
13 885
13 941
13 989
14 15
14 17
14 23
14 24
14 45
14 57
14 64
14 65
14 79
14 80
14 84
14 91
14 97
14 122
14 201
14 202
14 263
14 278
14 283
14 344
14 357
14 458
14 520
14 521
14 633
14 727
14 734
14 777
14 832
14 843
14 925
14 941
15 16
15 18
15 33
15 40
15 47
15 65
15 96
15 140
15 175
15 211
15 224
15 226
15 244
15 250
15 256
15 281
15 285
15 289
15 346
15 348
15 392
15 408
15 437
15 466
15 481
15 484
15 557
15 561
15 581
15 591
15 647
15 682
15 741
15 748
15 758
15 821
15 864
15 926
15 931
16 25
16 26
16 28
16 36
16 39
16 40
16 43
16 48
16 49
16 55
16 87
16 135
16 139
16 168
16 170
16 190
16 191
16 257
16 315
16 316
16 317
16 326
16 371
16 403
16 405
16 448
16 518
16 602
16 634
16 688
16 723
16 729
16 757
16 802
16 819
16 821
16 825
16 891
16 909
16 943
16 982
17 20
17 51
17 71
17 76
17 77
17 91
17 99
17 121
17 125
17 142
17 146
17 174
17 176
17 216
17 266
17 273
17 276
17 324
17 521
17 590
17 632
17 692
17 733
17 744
17 751
17 754
17 838
17 883
17 935
18 24
18 33
18 41
18 55
18 104
18 115
18 158
18 160
18 279
18 385
18 407
18 440
18 597
18 644
18 698
18 758
18 764
18 777
18 856
18 942
18 944
19 23
19 37
19 42
19 47
19 83
19 98
19 105
19 112
19 114
19 118
19 136
19 145
19 151
19 208
19 210
19 212
19 220
19 236
19 272
19 351
19 358
19 367
19 503
19 526
19 545
19 573
19 645
19 681
19 737
19 772
19 785
19 814
19 818
19 921
19 956
20 36
20 41
20 68
20 99
20 102
20 112
20 661
20 725
20 739
20 776
20 925
21 69
21 126
21 142
21 276
21 315
21 375
21 376
21 517
21 662
21 701
22 27
22 66
22 79
22 138
22 240
22 250
22 361
22 482
22 546
22 575
22 733
22 761
22 903
22 910
22 990
23 35
23 48
23 59
23 63
23 68
23 74
23 84
23 86
23 95
23 114
23 120
23 122
23 175
23 182
23 199
23 214
23 219
23 224
23 239
23 266
23 273
23 296
23 302
23 346
23 385
23 386
23 401
23 450
23 507
23 538
23 578
23 593
23 699
23 799
23 820
23 870
23 894
23 966
23 972
24 61
24 63
24 143
24 161
24 233
24 249
24 299
24 313
24 381
24 437
24 438
24 460
24 471
24 479
24 494
24 504
24 515
24 566
24 567
24 692
24 718
24 782
24 908
25 26
25 44
25 58
25 90
25 109
25 195
25 334
25 379
25 473
25 772
25 873
25 885
26 29
26 61
26 69
26 96
26 107
26 167
26 191
26 258
26 297
26 359
26 369
26 396
26 441
26 489
26 558
26 651
26 788
26 992
27 30
27 65
27 71
27 79
27 82
27 83
27 90
27 120
27 140
27 148
27 152
27 164
27 168
27 191
27 193
27 355
27 379
27 389
27 410
27 445
27 455
27 470
27 489
27 494
27 594
27 646
27 658
27 687
27 693
27 719
27 736
27 790
27 895
27 928
28 32
28 59
28 62
28 162
28 256
28 340
28 512
28 660
28 857
28 873
29 85
29 94
29 105
29 127
29 154
29 180
29 265
29 271
29 280
29 289
29 297
29 348
29 457
29 480
29 543
29 563
29 621
29 636
29 659
29 708
29 849
29 981
29 998
30 38
30 41
30 58
30 121
30 207
30 261
30 286
30 377
30 380
30 499
30 963
31 35
31 50
31 52
31 65
31 72
31 117
31 226
31 230
31 283
31 308
31 317
31 405
31 413
31 424
31 457
31 503
31 612
31 623
31 695
31 697
31 742
31 769
31 791
31 879
31 950
31 978
31 992
32 37
32 56
32 63
32 88
32 92
32 97
32 105
32 124
32 146
32 152
32 166
32 237
32 366
32 388
32 431
32 495
32 501
32 728
32 841
32 955
33 57
33 64
33 100
33 167
33 204
33 214
33 225
33 235
33 328
33 360
33 424
33 474
33 505
33 548
33 665
33 687
33 720
33 846
33 920
33 962
34 44
34 48
34 101
34 124
34 136
34 161
34 210
34 220
34 245
34 262
34 324
34 339
34 365
34 441
34 472
34 533
34 555
34 618
34 619
34 629
34 639
34 700
34 711
34 725
34 809
34 913
34 959
35 60
35 75
35 81
35 155
35 159
35 194
35 199
35 235
35 245
35 258
35 368
35 454
35 551
35 579
35 939
35 967
36 71
36 73
36 128
36 139
36 144
36 411
36 413
36 484
36 541
36 572
36 589
36 610
36 676
36 800
36 812
36 961
36 990
37 67
37 80
37 120
37 159
37 171
37 195
37 207
37 222
37 260
37 279
37 403
37 405
37 452
37 463
37 502
37 548
37 724
37 795
37 808
37 947
38 42
38 112
38 115
38 141
38 146
38 147
38 165
38 314
38 398
38 468
38 589
38 710
38 805
38 899
38 933
38 943
38 993
39 89
39 177
39 203
39 262
39 340
39 382
39 441
39 558
39 580
39 610
39 844
40 42
40 50
40 77
40 125
40 181
40 188
40 236
40 561
40 619
40 910
41 66
41 137
41 151
41 243
41 267
41 431
41 462
41 531
41 817
41 819
41 889
41 924
42 52
42 68
42 87
42 115
42 189
42 269
42 336
42 357
42 594
43 133
43 443
43 529
43 563
43 628
43 829
43 935
44 46
44 51
44 53
44 54
44 67
44 74
44 81
44 118
44 124
44 184
44 228
44 309
44 380
44 541
44 558
44 606
44 608
44 671
44 740
44 791
44 800
44 884
44 903
44 923
44 924
44 934
44 974
44 982
45 54
45 83
45 100
45 127
45 168
45 169
45 186
45 207
45 252
45 277
45 288
45 296
45 317
45 350
45 422
45 439
45 532
45 611
45 647
45 805
45 806
45 907
46 47
46 132
46 140
46 229
46 264
46 291
46 382
46 402
46 501
46 640
46 674
46 929
47 173
47 253
47 268
47 277
47 481
47 500
47 552
47 605
47 627
47 841
48 51
48 54
48 62
48 102
48 178
48 200
48 209
48 213
48 221
48 261
48 304
48 322
48 441
48 442
48 544
48 586
48 674
48 742
48 744
48 849
48 852
48 976
48 977
48 981
48 984
49 80
49 82
49 107
49 113
49 120
49 220
49 292
49 310
49 439
49 473
49 523
49 533
49 603
49 640
49 653
49 667
49 683
49 867
49 923
50 56
50 101
50 148
50 260
50 381
50 414
50 442
50 607
50 650
50 736
50 792
50 799
50 858
50 999
51 52
51 75
51 93
51 108
51 146
51 160
51 248
51 287
51 311
51 341
51 374
51 434
51 486
51 670
51 737
51 835
51 878
51 926
51 977
52 132
52 188
52 238
52 270
52 366
52 445
52 462
52 513
52 697
52 701
52 725
52 833
52 890
53 70
53 273
53 303
53 308
53 410
53 530
53 722
53 805
54 55
54 60
54 64
54 75
54 86
54 89
54 106
54 108
54 114
54 129
54 150
54 267
54 340
54 372
54 373
54 409
54 451
54 508
54 564
54 648
54 660
54 702
54 749
54 803
54 810
54 923
55 56
55 130
55 629
55 706
55 851
56 91
56 104
56 198
56 259
56 323
56 333
56 429
56 523
56 631
56 723
56 923
56 949
57 63
57 213
57 297
57 363
57 395
57 399
57 746
58 79
58 111
58 203
58 224
58 247
58 534
58 562
58 608
58 727
58 779
58 794
58 815
58 867
58 914
58 946
59 72
59 94
59 164
59 190
59 217
59 310
59 526
59 529
59 536
59 566
59 569
59 588
59 679
59 831
59 846
59 977
60 93
60 97
60 121
60 376
60 453
60 506
60 582
60 666
60 726
60 798
60 928
61 113
61 160
61 196
61 203
61 257
61 303
61 307
61 339
61 340
61 345
61 353
61 361
61 420
61 433
61 439
61 451
61 476
61 517
61 518
61 577
61 679
61 709
61 869
61 927
61 949
61 962
61 997
62 75
62 92
62 99
62 106
62 138
62 152
62 153
62 182
62 197
62 219
62 228
62 246
62 253
62 260
62 280
62 308
62 364
62 376
62 419
62 430
62 451
62 494
62 506
62 513
62 566
62 569
62 590
62 593
62 620
62 644
62 660
62 683
62 693
62 768
62 936
62 955
63 283
63 421
63 765
63 796
64 67
64 159
64 268
64 375
64 403
64 436
64 462
64 485
64 559
64 607
64 642
64 845
65 77
65 128
65 150
65 163
65 165
65 171
65 311
65 349
65 384
65 398
65 514
65 518
65 677
65 866
66 91
66 147
66 176
66 264
66 341
66 433
66 446
66 489
66 574
66 666
66 673
66 686
66 781
66 858
66 965
66 987
67 70
67 74
67 100
67 134
67 161
67 191
67 203
67 223
67 237
67 242
67 247
67 298
67 443
67 593
67 770
67 826
67 845
67 854
68 69
68 178
68 540
68 550
68 551
68 633
68 768
68 836
68 918
69 71
69 206
69 234
69 274
69 386
69 464
69 644
70 95
70 103
70 292
70 434
70 443
70 486
70 507
70 721
70 722
70 747
70 778
70 998
71 192
71 196
71 201
71 218
71 239
71 334
71 394
71 411
71 458
71 587
71 731
71 760
71 804
71 811
71 821
71 824
72 112
72 301
72 547
73 78
73 96
73 108
73 109
73 141
73 142
73 145
73 184
73 205
73 211
73 221
73 225
73 293
73 352
73 508
73 525
73 539
73 704
73 716
73 730
73 749
73 755
73 825
73 864
73 883
74 127
74 162
74 204
74 763
74 896
75 201
75 259
75 318
75 345
75 703
75 748
75 756
76 119
76 145
76 315
76 319
76 371
76 426
76 482
76 516
76 600
76 694
76 740
76 928
77 153
77 242
77 524
77 735
77 807
78 318
78 370
78 408
78 427
78 598
78 663
78 774
78 835
78 933
78 966
78 989
79 93
79 149
79 185
79 263
79 290
79 321
79 418
79 540
79 616
79 617
79 695
79 721
79 828
80 103
80 123
80 141
80 182
80 292
80 404
80 491
80 504
80 628
80 799
80 846
80 948
81 89
81 135
81 186
81 530
82 85
82 88
82 136
82 158
82 187
82 193
82 259
82 341
82 365
82 415
82 456
82 480
82 557
82 598
82 703
82 822
82 830
82 948
82 965
83 165
83 219
83 369
83 449
83 830
84 98
84 147
84 208
84 227
84 469
84 528
84 554
84 584
84 915
85 133
85 152
85 154
85 254
85 406
85 440
85 481
85 482
85 601
85 765
85 866
85 910
85 934
85 951
85 966
87 99
87 103
87 129
87 154
87 156
87 163
87 172
87 264
87 284
87 295
87 298
87 301
87 356
87 362
87 372
87 384
87 519
87 532
87 544
87 603
87 712
87 805
87 810
87 901
87 948
87 955
88 92
88 129
88 178
88 192
88 226
88 339
88 369
88 378
88 409
88 584
88 649
88 699
88 840
88 850
88 867
88 871
88 930
88 939
88 952
89 123
89 149
89 201
89 257
89 675
89 783
89 989
90 199
90 328
90 379
90 615
90 621
91 868
91 961
92 251
92 780
93 107
93 133
93 170
93 194
93 268
93 322
93 335
93 416
93 524
93 552
93 644
93 706
93 744
93 839
94 565
94 611
94 841
94 881
95 181
95 290
95 301
95 786
96 110
96 208
96 234
96 267
96 276
96 336
96 338
96 509
96 553
96 612
96 813
96 940
96 951
96 970
97 110
97 128
97 144
97 251
97 256
97 381
97 448
97 504
97 534
97 909
97 931
98 117
98 182
98 193
98 217
98 366
98 396
98 641
98 662
98 714
98 774
98 871
99 164
99 364
99 418
99 534
99 742
100 115
100 155
100 215
100 219
100 235
100 414
100 711
100 723
100 936
100 996
101 140
101 149
101 488
101 493
101 620
101 631
101 689
101 940
102 920
103 130
103 157
103 213
103 453
103 512
103 633
103 679
103 685
103 765
103 802
103 849
104 252
104 312
104 549
104 721
105 117
105 125
105 158
105 188
105 204
105 259
105 270
105 291
105 302
105 321
105 324
105 325
105 376
105 405
105 480
105 501
105 555
105 616
105 769
105 785
105 808
105 831
105 936
106 321
106 372
106 483
106 535
106 778
107 172
107 209
107 435
107 608
108 342
108 360
108 474
108 713
108 890
109 134
109 175
109 198
109 342
109 406
109 416
109 444
109 476
109 612
109 688
109 919
110 173
110 580
110 992
111 163
111 636
111 915
112 774
113 131
113 151
113 206
113 268
113 282
113 488
113 735
113 900
113 972
114 345
114 433
114 446
114 487
114 643
114 794
114 838
115 185
115 430
115 506
115 565
115 743
115 886
115 916
115 985
116 133
116 139
116 189
116 243
116 603
116 715
116 773
116 793
116 840
117 148
117 177
117 422
117 438
117 586
117 696
117 727
117 818
117 828
117 964
118 121
118 142
118 381
118 576
118 703
118 962
119 128
119 137
119 162
119 200
119 227
119 282
119 368
119 394
119 496
119 516
119 623
119 846
119 851
119 897
120 169
120 175
120 188
120 200
120 271
120 278
120 303
120 314
120 426
120 470
120 647
120 664
120 665
120 666
120 748
120 780
120 896
120 898
121 436
122 131
122 208
122 245
122 272
122 397
122 415
122 423
122 466
122 493
122 506
122 585
122 694
122 933
123 174
123 485
124 294
124 510
124 559
124 677
124 759
124 946
124 993
125 126
125 325
125 490
125 586
125 604
125 717
125 837
125 855
125 966
126 173
126 234
126 265
126 294
126 967
127 528
127 570
127 729
127 914
128 153
128 197
128 241
128 295
128 347
128 578
128 700
129 237
129 337
129 856
130 202
130 269
130 505
130 511
130 595
130 596
130 713
130 891
131 310
131 365
131 387
131 414
131 491
131 508
132 230
132 650
132 706
133 183
133 299
133 332
133 355
133 401
133 455
133 733
133 863
133 932
134 241
134 309
134 338
134 548
134 618
134 904
136 304
136 708
136 953
137 305
137 704
138 141
138 161
138 257
138 412
138 479
138 839
138 995
139 179
139 186
139 218
139 318
139 413
139 577
139 653
140 269
140 320
140 374
140 751
140 820
140 836
140 944
140 988
141 774
141 822
142 318
142 573
142 724
142 750
143 148
143 174
143 211
143 262
143 612
143 716
143 745
143 918
144 178
144 184
144 228
144 249
144 256
144 274
144 328
144 462
144 491
144 562
144 626
144 775
144 871
144 907
145 164
145 172
145 246
145 266
145 309
145 335
145 346
145 406
145 522
145 523
145 543
145 545
145 773
145 859
146 190
146 285
146 424
146 448
146 453
146 694
146 826
146 847
146 887
146 924
147 888
147 954
148 183
148 212
148 337
148 599
148 638
148 659
148 810
148 815
148 854
149 160
149 166
149 167
149 200
149 319
149 353
149 396
149 457
149 497
149 544
149 698
149 814
149 881
150 288
150 314
150 399
150 554
150 708
151 179
151 253
151 463
151 680
152 212
152 261
152 398
152 492
152 890
152 919
153 157
153 196
153 358
153 987
154 360
154 417
154 439
154 573
154 654
154 865
154 925
154 930
155 210
155 216
155 458
155 565
155 771
156 273
156 402
156 973
157 275
157 289
157 412
158 298
158 753
159 180
159 205
159 232
159 244
159 275
159 319
159 597
159 710
159 916
159 973
159 986
160 166
160 450
160 885
161 179
161 307
161 464
161 470
161 517
161 557
161 699
162 189
162 254
162 293
162 560
162 605
162 662
162 758
163 404
163 712
163 736
164 246
164 322
164 528
164 546
164 807
164 983
165 223
165 286
165 549
166 444
166 594
166 851
167 181
167 240
167 296
167 535
167 633
167 734
167 878
167 979
167 998
168 290
168 327
168 904
170 222
170 304
170 324
170 525
170 850
170 857
171 241
171 516
171 762
172 307
172 322
172 343
172 354
172 417
172 421
172 447
172 463
172 499
172 514
172 539
172 609
172 616
172 680
172 720
172 731
172 781
172 788
172 984
173 197
173 293
173 320
173 353
173 359
173 604
173 623
173 635
173 764
173 944
174 389
175 192
175 212
175 281
175 390
175 466
175 502
175 579
175 655
175 664
175 804
175 879
176 343
176 430
176 464
176 492
176 950
177 236
177 291
177 495
177 849
178 254
178 277
178 404
178 524
178 567
178 668
178 809
178 978
179 373
179 676
179 791
180 196
180 279
181 333
181 595
182 595
182 704
183 202
183 326
183 358
183 490
183 649
183 941
183 945
183 958
184 274
184 341
184 431
184 479
184 489
184 667
184 737
184 762
184 866
184 918
185 230
185 250
185 370
185 515
185 527
185 630
185 635
185 643
186 221
186 335
186 447
186 519
186 522
187 222
187 231
187 233
187 284
187 465
187 854
187 871
188 242
188 350
188 634
188 716
189 204
189 252
189 319
189 350
189 801
190 408
190 702
190 726
191 216
191 332
191 831
192 352
192 356
192 383
192 394
192 420
192 549
192 586
192 722
192 757
192 776
192 784
192 873
193 215
193 300
193 459
193 659
194 210
194 238
194 363
195 232
196 217
196 270
196 389
196 412
196 603
196 779
196 899
196 969
197 334
197 473
197 628
197 886
198 302
198 456
199 270
199 360
199 377
199 637
199 650
199 975
200 320
201 211
201 407
201 559
201 601
201 832
202 221
202 239
202 338
202 339
202 399
202 467
202 654
202 994
203 316
203 346
203 483
203 533
203 675
203 945
204 757
205 860
205 994
206 440
206 688
206 698
206 763
206 877
206 911
206 973
207 344
207 367
207 388
207 424
207 442
207 498
207 577
207 617
208 470
208 542
208 600
208 681
208 758
208 868
208 922
208 978
209 272
209 478
210 543
212 214
212 233
212 243
212 313
212 500
212 959
213 519
214 297
214 336
214 345
214 482
214 536
214 611
214 652
214 768
214 947
215 254
215 299
215 422
215 568
216 269
216 499
216 609
216 723
216 751
217 222
217 301
217 389
217 878
217 993
218 241
218 255
218 258
218 285
218 409
218 425
218 452
218 510
218 521
218 658
218 986
219 331
219 538
219 926
220 290
220 325
220 435
220 467
220 520
220 539
220 562
220 608
220 690
220 909
221 278
221 569
221 651
221 928
222 281
222 373
222 493
222 526
222 857
222 932
222 980
223 227
223 294
224 289
224 333
224 442
224 469
224 564
224 567
224 707
224 761
224 796
224 904
225 400
225 478
225 839
226 425
226 449
226 745
226 753
227 355
228 249
228 264
228 418
228 869
228 904
228 945
229 713
230 366
230 390
231 334
231 348
231 911
232 246
232 444
232 660
232 794
233 251
233 436
234 654
234 680
234 905
235 419
235 435
235 625
235 664
235 710
236 276
236 330
236 332
236 353
236 502
236 637
236 653
236 677
236 822
236 882
236 963
237 238
237 275
237 438
237 599
238 265
238 292
238 311
238 359
238 423
238 472
238 478
238 557
238 729
238 743
238 827
238 836
239 310
239 496
239 581
239 584
239 645
239 678
239 766
239 974
239 990
240 432
240 437
240 500
240 531
240 539
240 591
240 720
240 894
240 984
241 316
241 588
241 658
241 746
241 797
242 522
242 787
243 271
243 402
243 530
243 577
243 596
243 685
243 895
243 898
243 951
244 327
244 407
244 428
244 448
244 550
244 570
244 619
244 642
244 755
244 801
244 872
244 960
245 423
246 398
246 968
247 329
247 476
247 575
247 649
247 668
247 813
248 496
249 306
249 354
250 252
250 421
250 632
251 284
251 304
251 401
251 792
252 509
252 845
253 621
254 296
255 395
256 330
256 356
256 553
256 632
256 772
256 932
257 309
257 311
257 371
257 564
257 580
257 682
257 892
257 909
257 946
258 809
258 861
259 652
259 672
259 828
259 858
260 379
260 391
260 487
260 968
261 305
261 363
261 498
261 514
261 582
261 798
261 981
262 329
262 428
262 861
263 397
264 571
265 369
265 576
265 619
265 637
265 784
265 801
265 813
265 862
265 905
266 599
266 980
267 331
267 387
267 461
267 527
267 597
268 533
268 770
268 803
268 806
268 952
269 288
269 303
269 684
270 542
270 954
271 423
271 443
272 352
272 373
272 753
272 896
272 942
272 960
273 388
274 457
274 494
274 760
274 839
274 935
274 972
275 599
275 641
275 818
276 452
276 678
276 730
276 840
277 279
277 456
277 707
277 852
278 386
278 468
278 517
278 881
279 295
279 432
279 574
279 876
279 940
279 964
280 887
280 913
281 370
281 450
281 505
281 516
281 707
281 816
281 850
281 957
282 331
282 391
282 417
282 447
283 556
284 496
284 651
284 687
285 784
286 417
286 425
286 429
286 432
286 500
286 648
286 697
286 714
287 915
288 676
289 502
289 601
289 761
290 362
290 637
290 727
290 875
291 294
291 321
291 364
291 377
291 449
291 646
291 656
291 804
291 956
292 351
292 412
293 429
293 452
293 693
295 509
295 754
295 759
295 890
296 453
296 547
296 583
296 657
297 868
298 609
298 714
299 347
299 349
299 357
299 363
299 365
299 540
299 587
299 833
299 974
300 362
300 554
300 976
301 971
302 361
302 408
302 518
303 329
303 400
303 769
303 950
305 582
306 391
306 451
306 602
306 831
307 400
307 438
307 495
307 590
308 354
308 755
308 876
308 965
308 980
309 313
309 317
309 400
309 419
309 556
309 635
309 738
309 761
309 816
309 829
309 842
310 824
311 384
311 392
311 449
311 545
311 641
311 665
311 685
311 788
312 563
312 856
312 921
313 395
313 614
313 740
313 795
314 469
314 642
314 760
315 529
315 556
315 692
315 986
316 969
317 581
317 855
318 769
318 886
320 394
320 865
321 328
321 581
321 625
321 800
321 830
321 973
322 326
322 601
323 705
324 383
324 531
324 536
324 560
324 598
324 690
324 809
324 911
324 963
325 475
325 705
326 521
326 592
326 655
326 920
326 970
327 375
327 393
327 406
327 445
327 483
327 504
327 702
328 343
328 776
329 696
330 896
331 361
331 766
331 964
332 551
332 609
333 676
333 860
334 468
334 650
334 744
334 756
334 999
335 656
337 507
338 374
338 386
338 487
338 740
338 893
338 970
339 985
340 771
340 816
341 673
341 745
341 766
342 349
342 731
344 426
344 459
344 523
344 585
344 711
344 715
345 374
345 490
345 721
345 743
345 756
345 771
345 856
345 870
346 587
346 858
346 862
346 940
347 351
347 526
347 555
348 354
348 465
348 617
349 536
349 614
349 669
349 711
349 764
349 800
349 987
350 387
350 393
351 700
351 778
351 880
352 752
353 808
353 835
354 561
354 626
354 627
354 979
355 553
355 782
356 367
356 588
357 639
358 485
358 732
358 817
358 972
359 503
360 387
360 411
360 464
360 629
360 760
361 429
361 459
361 741
361 867
361 898
362 485
362 512
362 595
364 714
364 803
364 864
365 530
365 865
366 466
368 390
368 397
368 513
368 905
368 914
369 621
369 746
369 925
370 378
371 375
371 461
371 522
371 691
373 460
373 688
373 868
374 563
374 614
374 681
374 738
375 477
375 606
375 625
376 525
376 658
377 410
377 580
377 620
377 752
378 572
378 691
378 893
380 382
380 589
380 782
380 962
380 971
381 383
381 670
381 773
381 775
381 953
383 488
383 538
383 709
383 738
383 827
383 874
384 975
385 395
385 555
385 597
385 737
385 821
386 527
386 673
386 674
386 695
386 735
386 895
387 393
387 675
387 752
388 602
388 969
389 841
390 786
390 848
391 547
391 611
391 657
391 692
391 703
392 525
392 861
393 430
393 592
393 708
393 796
395 488
395 605
396 397
396 479
396 918
397 409
397 541
397 631
397 715
399 402
399 524
399 627
399 681
399 853
399 866
399 885
399 893
399 897
400 513
401 610
402 413
402 463
402 783
402 848
403 678
404 410
404 528
404 705
404 843
407 906
407 991
408 583
408 795
409 862
410 937
411 572
411 975
412 471
412 636
412 820
412 824
413 455
414 682
416 532
416 541
416 583
416 669
416 680
417 686
417 917
418 802
419 434
419 551
419 571
419 719
419 782
419 941
420 511
420 515
420 520
420 600
420 646
420 669
420 882
421 475
421 639
421 664
421 844
422 734
423 454
423 763
423 989
423 999
425 946
427 610
427 618
428 519
428 882
428 906
428 908
429 476
429 755
429 938
430 616
432 803
432 913
433 458
433 481
433 576
433 618
433 832
435 938
437 445
437 819
438 498
438 663
439 696
440 786
441 571
441 579
441 648
441 880
443 553
443 631
444 691
445 810
446 492
447 656
447 922
448 902
449 702
449 927
450 602
450 648
450 718
451 460
451 493
451 573
451 754
451 783
451 872
451 898
452 544
452 959
454 668
455 842
458 929
460 548
460 617
460 735
460 936
460 996
461 655
461 949
462 474
462 598
462 628
462 739
462 793
463 507
463 739
463 880
463 951
464 490
464 903
465 874
466 477
466 673
466 807
466 883
468 745
468 958
469 512
469 564
469 625
469 694
470 641
470 750
471 503
473 629
474 578
474 613
474 948
475 480
475 497
476 690
476 837
477 863
480 589
480 613
482 677
483 872
483 892
484 967
485 550
485 713
487 574
487 811
488 535
488 627
488 684
489 863
490 851
490 892
491 734
491 874
491 982
492 497
492 570
492 897
493 527
493 596
493 661
493 722
494 567
496 562
496 813
497 552
497 624
497 634
498 752
499 606
499 663
499 762
499 830
499 979
500 560
503 667
503 854
503 903
503 968
504 672
506 766
507 757
507 770
507 965
508 753
509 728
510 607
512 549
512 607
512 751
512 968
513 911
516 632
516 750
516 919
517 592
517 827
518 569
519 700
519 777
519 795
520 730
521 537
521 626
521 630
521 847
522 554
522 646
522 656
523 689
523 827
525 651
525 698
527 604
527 754
530 671
530 730
531 655
532 953
533 891
534 542
534 566
535 787
537 590
537 812
537 838
537 843
538 790
539 587
539 725
539 852
539 870
540 872
541 659
542 829
544 825
545 829
546 845
546 902
547 728
547 884
548 576
549 977
551 568
551 596
553 697
553 916
555 971
555 991
557 572
557 978
558 913
559 620
559 670
561 635
561 724
561 895
562 780
563 848
564 732
564 937
566 859
566 875
567 706
567 741
567 747
567 789
567 847
569 746
569 901
569 907
570 669
570 684
570 719
570 825
570 875
570 949
571 701
571 921
571 958
572 927
572 985
573 657
578 643
578 671
579 704
581 672
581 888
581 917
582 781
583 622
583 900
584 682
584 960
585 731
586 661
586 767
587 749
587 984
588 636
588 653
588 804
589 743
589 814
591 640
591 765
591 979
592 775
592 892
593 770
594 689
594 763
594 853
596 767
597 645
600 684
600 814
601 639
601 717
602 817
602 870
605 793
606 718
607 672
607 836
607 942
608 853
609 961
610 670
610 961
611 785
611 808
612 749
613 717
614 710
614 983
615 663
615 736
617 707
622 884
622 944
626 879
627 717
628 683
628 893
628 991
629 848
630 747
632 652
634 718
635 786
635 980
636 985
637 857
637 954
638 661
638 832
639 715
639 738
639 815
641 778
642 712
642 834
642 942
643 733
643 840
645 690
646 783
646 863
649 747
650 724
650 792
651 675
654 889
655 683
656 685
656 910
658 939
659 922
661 686
663 850
663 902
663 934
666 768
670 817
672 811
678 797
678 901
679 799
679 812
680 957
683 742
683 812
683 886
683 906
684 686
684 852
684 862
687 748
692 939
693 877
693 888
694 823
694 994
696 947
697 875
697 982
698 797
699 990
702 775
704 908
704 930
705 771
705 974
707 798
707 917
710 943
711 732
711 833
711 859
711 860
712 801
712 929
714 897
714 987
714 992
716 790
716 943
719 956
721 781
721 784
721 785
721 888
723 894
726 807
727 964
728 806
729 876
732 855
734 767
738 983
741 887
742 877
744 802
747 889
750 883
751 780
751 794
754 864
758 823
758 847
758 988
759 915
759 997
762 787
771 900
771 945
771 969
772 793
776 953
783 952
784 787
784 826
785 899
786 844
788 834
788 899
788 912
790 889
791 957
793 902
794 912
795 860
797 993
798 822
802 905
808 900
809 981
811 922
813 929
814 988
822 952
825 957
826 976
830 937
839 865
843 927
843 997
851 963
854 988
856 921
859 879
859 917
873 891
901 996
903 958
915 991
917 971
917 976
918 970
927 998
929 983
933 938
933 959
933 994
934 937
963 997
