0 276
0 560
0 965
1 210
1 243
1 423
1 453
1 571
1 646
2 207
2 213
2 499
2 521
2 969
2 979
3 533
3 665
3 684
3 724
3 793
3 813
4 433
5 340
5 584
5 776
6 283
6 766
6 779
6 870
6 947
7 180
8 14
8 77
8 105
8 303
8 492
8 663
9 343
9 613
9 621
9 639
9 646
9 664
9 846
10 177
10 461
10 737
11 211
11 554
12 366
12 799
12 988
13 150
13 409
13 478
13 891
14 307
14 838
14 979
15 229
15 302
15 494
15 628
15 775
15 779
15 871
16 170
16 757
16 920
17 88
17 779
17 800
18 476
18 540
18 622
18 894
19 102
19 248
19 394
19 523
19 700
20 329
20 417
20 564
20 607
20 927
22 250
23 421
23 895
23 984
24 269
24 444
24 472
24 799
25 185
25 363
25 542
25 546
26 208
26 613
26 616
27 275
27 636
27 829
28 290
28 819
29 177
29 249
29 298
29 991
30 76
30 410
30 647
30 756
30 778
31 896
32 156
32 966
33 988
34 225
34 343
34 658
35 101
35 292
35 493
35 636
35 858
36 235
36 313
36 330
36 395
36 579
36 960
37 49
37 118
37 267
37 627
37 983
38 168
38 291
38 521
38 525
38 802
39 203
39 461
39 800
39 917
40 389
40 647
41 196
41 293
41 440
41 535
41 766
41 995
42 61
42 155
42 512
42 631
43 863
44 642
44 813
45 187
45 207
45 590
46 223
46 316
46 564
46 596
46 806
47 362
47 556
48 86
48 87
48 91
48 299
48 766
49 188
50 217
50 257
50 931
51 224
51 883
52 186
53 294
53 597
54 215
54 518
55 216
55 237
55 491
55 943
56 637
56 719
57 88
57 194
57 586
57 871
57 931
57 972
58 431
59 681
60 268
61 185
61 287
61 376
62 220
62 587
62 859
63 79
63 367
63 801
63 836
64 141
64 325
64 821
65 184
65 291
65 454
65 647
66 133
66 355
66 400
66 869
67 138
67 426
67 641
67 806
67 902
67 918
68 213
68 375
68 619
68 758
68 760
68 812
69 180
69 193
69 246
69 251
69 276
69 353
69 441
69 512
70 310
70 433
70 628
70 633
70 779
70 924
71 166
71 198
71 199
71 207
71 313
71 467
71 530
71 963
72 91
72 98
72 266
72 315
72 825
73 112
73 226
73 760
73 765
73 961
74 549
74 580
74 897
75 622
75 624
75 695
75 753
75 822
76 113
76 397
76 483
76 658
76 737
76 794
76 879
76 903
77 273
77 508
77 563
77 870
78 310
78 371
78 686
78 899
78 926
78 954
79 397
79 893
80 314
80 338
80 684
80 788
80 838
80 840
81 140
81 314
81 624
81 882
81 978
82 213
82 310
82 571
82 873
83 252
83 492
83 704
83 706
83 835
84 240
84 450
84 820
84 955
85 267
85 363
85 389
85 528
85 722
86 113
86 441
86 527
86 717
86 949
87 324
87 467
87 622
87 827
87 835
87 864
88 120
88 697
88 928
88 957
89 147
89 452
89 575
90 816
90 853
91 138
91 158
91 731
91 906
91 916
92 703
92 861
94 117
94 262
94 334
94 394
94 518
94 519
94 662
94 866
95 133
95 618
96 853
97 754
97 865
98 622
98 678
98 981
99 187
99 423
99 547
99 721
100 470
100 546
100 667
100 699
101 422
101 615
102 404
102 518
102 613
102 635
102 850
102 874
103 668
103 910
104 109
104 367
104 565
104 703
104 961
106 869
106 962
107 402
107 423
107 545
107 571
107 640
107 817
108 490
108 986
109 337
109 803
110 246
110 359
110 482
110 791
110 795
110 825
111 319
111 505
111 606
111 686
111 696
112 178
112 398
112 555
112 604
113 414
114 647
114 823
114 888
115 130
115 864
115 955
116 894
116 999
117 135
117 237
117 461
117 560
117 562
117 881
117 971
118 191
118 238
118 632
118 886
119 121
119 639
119 655
119 747
119 905
120 651
120 655
120 953
121 135
121 377
121 627
121 734
121 979
122 578
122 677
122 991
123 230
123 651
123 672
123 791
123 806
123 844
124 142
124 217
124 398
124 709
124 754
124 769
124 829
124 924
124 945
125 126
125 143
125 248
125 756
126 308
126 415
126 493
126 799
127 574
127 639
127 831
127 958
127 975
128 261
128 421
128 520
128 600
128 639
128 696
128 873
129 281
129 323
129 350
129 818
130 927
131 205
131 219
131 393
131 463
131 628
131 998
132 155
133 365
133 475
133 662
134 293
134 872
135 496
135 959
136 415
136 507
136 798
136 839
136 862
136 906
137 486
137 757
138 159
138 539
138 607
138 725
139 259
139 689
139 720
140 155
140 882
140 926
141 452
141 704
141 722
141 734
141 821
142 483
143 634
143 707
143 773
144 309
144 356
144 547
144 586
144 935
145 492
145 598
145 645
145 742
145 784
145 935
146 236
146 775
146 886
146 959
147 488
147 509
148 576
149 920
150 405
150 564
151 167
151 259
151 575
152 214
152 842
153 192
153 375
153 457
153 566
153 704
153 739
153 758
154 334
155 265
155 342
155 850
155 886
156 179
156 431
157 361
157 367
157 494
158 515
158 571
158 986
159 324
159 670
159 725
159 819
160 183
160 205
160 619
160 625
160 715
160 719
160 769
160 814
161 281
161 310
161 321
161 604
161 697
161 853
161 894
162 230
162 320
162 587
162 620
163 679
163 978
164 237
164 613
164 741
164 915
164 923
165 570
166 192
166 206
166 770
167 594
167 637
167 674
167 835
167 905
167 947
168 634
168 866
170 264
170 654
170 680
170 960
170 963
171 211
171 338
171 647
171 655
172 500
173 432
174 868
174 961
175 433
175 975
176 207
176 324
176 436
177 562
177 665
177 700
177 898
177 921
178 319
178 479
178 746
179 208
179 320
179 451
179 552
180 340
180 370
180 664
180 856
180 892
181 188
181 208
181 424
182 305
182 574
182 575
182 612
182 798
182 934
183 191
183 421
183 542
183 761
183 935
185 377
185 395
185 443
185 504
185 641
185 670
185 895
186 674
187 390
187 910
188 628
188 865
189 691
189 919
189 992
190 267
190 317
190 333
190 689
190 810
191 204
191 478
191 714
191 801
192 307
192 653
193 384
193 472
193 615
193 755
194 433
194 570
194 915
195 212
195 319
195 491
195 776
195 892
196 400
196 550
196 808
198 628
198 764
198 943
198 990
199 831
200 249
200 313
200 522
200 832
201 505
201 742
201 906
202 610
202 741
203 556
204 264
204 318
204 731
204 744
204 745
205 303
205 324
205 541
205 600
205 668
205 872
206 256
206 944
207 439
207 580
207 667
207 930
208 363
208 524
208 596
208 655
208 929
208 992
209 234
209 696
209 782
209 944
210 704
210 770
211 372
211 376
211 444
211 735
211 853
211 949
212 560
212 693
212 776
212 867
212 923
212 958
213 320
213 587
213 639
214 546
215 254
215 342
215 521
215 703
215 811
216 225
216 371
216 378
216 382
216 528
216 880
217 236
217 270
217 319
217 480
217 953
217 978
218 348
218 685
218 798
219 287
219 593
219 617
219 712
219 852
220 428
220 488
220 540
220 922
220 931
221 930
221 991
222 572
222 584
222 769
222 795
222 899
223 370
223 744
223 803
223 872
224 285
224 320
224 449
224 517
224 667
224 693
225 276
225 736
225 760
225 884
226 317
226 595
226 601
226 633
226 736
227 363
227 607
228 275
228 302
229 817
230 344
230 418
230 575
230 841
231 297
231 749
231 870
232 374
232 690
232 824
233 497
233 743
233 972
234 960
234 963
234 978
234 998
235 416
236 724
236 998
237 977
238 386
239 240
239 325
239 472
239 590
239 877
239 926
239 979
240 683
240 746
240 766
241 306
241 569
241 619
241 824
242 258
242 392
242 716
243 382
243 593
243 637
243 750
243 816
244 273
244 444
244 476
244 525
244 833
245 425
245 455
245 500
245 761
245 828
246 293
246 949
247 478
247 921
248 438
249 524
249 709
249 749
249 979
250 527
251 601
251 622
251 721
252 328
252 460
252 488
252 674
252 941
253 647
254 352
254 996
255 279
256 393
256 557
257 293
258 357
258 746
258 923
259 617
260 647
260 763
260 801
261 606
262 443
263 586
263 621
264 832
264 954
265 742
266 615
266 681
266 717
266 903
266 910
267 807
267 964
268 353
268 421
268 506
269 453
269 718
270 357
270 621
271 391
271 524
271 642
271 931
272 386
272 501
272 506
272 633
272 692
272 797
272 821
272 906
273 770
273 947
273 957
274 277
274 556
274 577
274 732
275 658
276 400
277 890
278 423
278 628
278 721
278 724
278 743
278 939
279 534
279 844
280 336
280 471
280 706
280 875
280 908
281 299
281 801
281 849
282 400
282 465
282 631
283 750
284 537
284 861
284 913
285 324
286 923
286 937
286 991
287 316
287 716
287 973
288 422
288 568
288 906
289 411
289 524
289 654
289 739
289 903
290 863
290 889
291 316
291 659
291 781
291 870
291 905
291 961
292 669
293 745
294 592
294 630
294 651
294 949
294 989
295 342
295 511
295 518
295 635
296 985
297 300
297 510
297 989
298 477
298 511
298 666
298 702
298 918
299 564
299 785
299 978
300 465
300 597
301 343
301 361
302 377
302 461
302 988
304 456
304 522
304 583
304 613
304 741
305 336
305 462
305 688
306 516
306 586
306 924
307 503
307 804
308 721
308 724
308 757
308 807
309 706
309 929
309 987
310 444
310 573
311 690
311 801
312 530
312 819
313 524
313 694
313 816
314 386
314 881
315 417
315 471
315 536
316 324
317 559
317 767
317 855
317 899
317 962
319 378
319 748
319 997
320 408
320 654
321 416
321 595
322 831
323 569
323 590
323 615
323 694
323 817
324 686
324 736
325 395
325 447
325 576
325 672
325 945
326 380
326 938
327 342
327 363
327 510
327 511
328 598
328 716
328 791
328 987
329 791
330 355
330 362
330 991
331 407
331 592
332 490
332 533
332 576
332 586
332 980
333 366
334 459
334 830
334 904
335 942
336 444
337 592
337 633
338 523
339 492
339 853
340 469
340 868
340 981
341 384
341 750
342 535
342 550
342 660
343 355
343 950
344 751
344 782
344 862
344 968
345 351
345 527
345 623
345 940
346 356
346 667
346 721
346 786
347 420
347 424
348 440
348 699
348 870
348 977
349 355
349 488
349 637
349 751
349 919
350 946
352 475
352 529
353 518
353 900
355 438
355 606
355 659
357 504
357 786
357 910
358 372
358 561
358 809
359 866
359 907
360 398
360 535
360 669
360 816
361 429
361 663
361 921
362 407
362 622
362 855
362 937
363 379
363 604
363 753
364 768
365 598
365 774
365 886
366 520
366 777
366 973
367 554
367 595
367 628
367 821
368 638
368 700
369 527
369 531
369 630
369 954
370 517
370 584
370 841
371 567
371 848
371 863
371 955
371 957
373 665
373 862
373 889
374 399
374 463
374 727
374 768
375 738
375 845
376 975
377 621
377 710
378 826
378 885
379 390
379 797
379 799
379 948
380 563
380 977
382 583
383 608
383 709
383 976
384 828
385 462
385 841
385 870
385 984
386 404
386 609
386 691
387 445
387 507
387 545
387 610
388 549
389 914
390 475
390 780
391 568
392 856
392 942
393 427
393 629
393 862
394 568
394 707
394 764
395 425
395 483
395 703
395 757
395 945
395 999
396 487
396 900
397 440
397 865
400 961
401 712
401 859
401 929
403 570
403 754
404 538
404 886
405 681
405 738
406 562
407 439
408 453
408 525
409 477
409 742
409 772
410 499
410 703
410 740
411 551
411 624
412 581
412 795
412 886
413 841
414 606
414 660
414 979
415 569
416 467
416 667
416 712
416 727
416 745
416 987
417 978
418 470
418 567
418 688
419 526
420 592
420 985
421 466
421 623
421 970
422 655
422 731
422 793
423 490
423 701
423 715
425 491
425 713
425 743
425 804
425 945
426 502
426 810
426 854
427 673
427 733
428 639
429 561
429 953
430 731
431 639
431 732
431 759
431 781
432 753
432 918
433 851
434 478
434 518
434 705
435 699
436 451
437 872
439 464
440 485
440 567
440 710
440 729
440 867
441 726
441 810
441 835
442 524
442 901
443 793
443 943
444 951
445 759
445 794
445 940
446 486
447 682
448 724
448 825
448 917
449 526
449 990
450 670
450 806
450 972
451 480
451 594
451 641
452 756
452 846
454 674
454 797
455 850
457 537
457 617
457 645
457 842
457 879
457 919
458 822
460 701
460 836
460 881
461 505
461 953
462 488
462 499
462 799
463 540
463 767
463 890
464 801
467 614
467 959
468 725
469 809
469 994
471 521
471 618
471 647
472 677
472 988
473 643
474 705
474 778
474 871
475 587
476 498
476 525
476 574
477 628
478 498
478 723
478 784
478 812
479 536
479 646
479 721
480 660
480 697
480 711
480 928
482 717
482 773
482 826
483 513
483 595
484 904
484 975
485 633
485 811
485 916
486 822
486 986
488 528
488 761
488 769
488 930
489 804
489 986
491 516
491 717
491 904
492 840
493 990
494 810
494 900
497 503
497 645
498 579
498 797
499 662
499 681
500 648
500 831
501 581
501 816
501 863
501 919
502 536
502 602
502 849
504 514
504 789
504 869
504 964
506 699
507 524
509 571
509 709
509 889
509 905
510 966
511 567
511 719
511 911
511 945
512 708
513 615
513 649
513 658
513 681
513 729
513 903
515 634
515 683
516 766
519 908
521 576
521 736
521 861
522 846
523 742
523 788
523 791
523 859
525 994
526 579
526 665
526 820
527 667
528 801
528 984
529 929
531 589
531 969
532 559
532 578
532 881
533 650
534 550
534 998
535 832
535 845
536 753
536 793
536 927
537 678
538 952
540 688
540 738
540 917
542 989
543 561
543 565
543 827
544 569
544 605
544 644
544 660
544 838
544 918
545 761
546 604
546 906
547 671
547 935
548 807
548 862
549 590
549 709
549 833
550 579
551 774
551 928
552 965
553 621
553 949
555 561
556 930
557 667
557 690
558 583
558 732
558 920
558 949
560 681
561 849
562 574
563 681
563 782
563 787
563 979
564 878
564 942
565 731
565 783
565 830
566 727
567 686
567 823
567 827
567 950
569 800
570 898
571 652
572 644
572 870
572 894
574 602
574 616
574 678
574 716
574 896
575 583
576 637
576 767
576 829
577 658
578 804
579 691
579 777
579 893
580 729
580 859
580 995
581 712
581 999
582 921
582 977
583 706
583 770
583 788
584 643
585 941
586 689
586 796
586 888
586 942
587 734
587 875
588 619
588 663
588 668
588 710
588 812
589 780
589 924
590 885
590 971
590 982
591 735
591 834
592 959
593 594
593 895
593 950
594 779
594 798
594 891
595 666
596 602
596 858
596 959
597 667
597 708
599 758
599 847
599 863
599 943
600 806
602 915
603 889
603 951
604 613
605 611
605 976
606 708
606 851
606 862
607 806
608 926
608 956
610 747
610 805
610 822
610 997
611 981
612 626
612 850
613 711
613 950
614 880
614 900
615 916
617 649
617 655
617 696
617 886
618 723
618 914
618 919
619 832
620 794
621 945
622 895
622 896
623 684
623 696
623 920
624 839
624 991
625 937
627 732
627 748
627 825
627 874
628 782
628 794
628 974
629 946
630 643
630 939
631 714
631 784
631 971
633 818
635 722
635 748
635 911
635 929
636 755
636 888
636 931
637 772
641 773
641 896
642 760
643 874
643 911
643 986
644 856
645 678
645 748
646 760
646 799
646 875
647 739
647 776
647 849
649 899
651 919
652 947
652 994
653 832
653 899
654 725
654 870
654 906
655 732
658 898
658 912
662 767
662 896
663 714
663 727
664 676
664 756
664 807
665 772
667 670
667 798
667 828
667 834
667 893
668 875
669 840
669 843
669 920
670 836
670 924
671 773
672 699
673 806
675 797
677 828
677 915
677 933
677 934
678 978
679 804
679 948
679 971
680 706
680 938
682 947
683 712
683 778
684 890
685 688
685 816
686 714
686 882
686 920
687 688
687 837
688 782
688 985
689 952
689 953
690 696
690 930
692 754
692 867
693 743
693 922
693 998
696 970
697 708
697 841
697 931
698 852
698 921
699 794
699 877
700 730
700 750
701 997
703 956
704 989
705 731
706 761
706 765
706 878
708 765
708 892
710 747
711 899
713 803
713 950
714 753
714 818
715 726
715 876
717 734
717 768
717 865
717 934
718 779
718 787
720 974
721 735
721 857
722 790
723 834
724 931
726 790
726 820
726 985
727 971
728 801
731 808
732 953
735 852
735 866
735 903
735 973
736 850
738 985
740 883
741 790
741 822
741 947
742 757
742 782
745 834
746 946
746 997
747 865
747 872
748 904
749 762
749 786
749 832
749 941
749 997
752 767
752 845
755 759
756 874
759 927
759 933
760 812
761 801
761 998
762 956
763 943
763 994
766 941
767 771
768 882
769 825
769 863
770 785
771 772
771 921
772 965
773 932
775 881
775 887
778 873
779 907
781 785
783 887
785 918
787 880
788 898
789 850
790 794
790 813
791 862
791 929
793 922
794 842
794 992
795 967
797 873
797 879
799 821
801 920
801 948
802 993
809 854
812 986
813 964
817 861
819 943
823 843
830 841
830 921
833 861
836 853
836 862
836 900
838 850
838 928
840 966
842 929
842 945
844 931
846 942
848 864
848 890
850 935
852 903
853 869
855 889
856 926
859 898
862 923
864 909
864 958
865 987
872 916
875 918
876 937
878 996
879 916
879 965
879 992
882 946
883 939
883 999
884 945
885 908
885 942
888 960
889 916
893 911
896 993
900 932
903 946
908 918
908 968
909 995
914 948
914 971
914 982
917 922
920 959
925 953
938 946
940 966
943 980
949 983
953 988
960 973
965 971
972 984
978 983
980 987
