0 360
0 644
1 204
1 469
1 508
1 844
2 73
2 242
2 600
2 629
2 715
3 188
3 207
3 413
3 540
3 679
4 554
4 619
5 289
5 688
5 791
6 45
6 101
6 173
6 237
6 624
6 805
6 964
7 127
7 807
7 983
8 827
9 361
9 559
9 786
10 288
10 324
10 427
11 18
11 114
11 142
12 41
12 116
12 744
13 229
14 109
14 549
14 878
15 507
15 658
16 512
16 522
16 969
17 252
17 295
17 313
17 428
17 555
17 564
17 864
18 114
18 727
19 29
19 547
19 553
19 596
19 735
20 227
20 463
21 26
21 463
21 465
21 704
22 133
22 306
22 338
22 609
23 377
23 972
24 836
25 282
25 398
25 427
26 166
26 180
26 226
26 234
26 562
26 722
26 951
27 561
27 898
28 71
28 224
28 289
28 785
29 587
30 392
30 488
30 599
30 975
31 340
31 498
31 576
31 720
31 774
31 896
32 785
32 858
32 935
33 336
33 343
33 751
34 194
34 637
34 893
35 380
35 560
35 582
35 697
35 704
36 462
36 693
37 236
37 358
37 649
38 463
38 788
39 152
39 354
39 558
39 621
40 708
40 757
41 137
41 160
41 269
41 639
42 93
42 253
42 643
42 835
42 906
43 54
43 894
44 812
44 837
44 987
45 647
45 846
46 79
46 164
46 754
47 364
47 668
47 801
47 857
47 990
48 94
48 330
48 529
48 610
48 708
49 100
49 173
49 448
49 899
50 289
50 322
51 537
51 851
51 877
51 977
53 106
53 200
53 541
53 673
54 302
54 572
54 999
55 899
56 731
56 817
57 567
57 726
58 308
58 327
58 349
58 408
58 455
58 890
59 269
59 949
60 141
60 814
61 102
61 207
61 376
61 689
61 774
62 94
62 202
62 280
63 475
63 641
63 668
63 946
64 930
65 265
65 799
65 910
67 505
67 923
68 680
69 699
69 837
69 842
70 309
70 530
70 770
71 94
71 270
71 729
71 748
71 904
72 320
74 528
75 88
75 305
75 660
75 892
76 80
76 416
76 530
76 644
76 671
76 692
77 81
77 143
77 231
77 990
78 510
78 649
78 752
79 234
79 253
79 269
79 880
80 702
80 910
80 947
81 477
81 625
82 277
83 949
84 308
84 984
85 113
85 733
86 177
86 793
87 529
87 977
88 214
88 318
89 395
89 525
89 530
90 572
90 854
90 896
91 537
92 362
93 670
94 965
95 204
95 245
95 779
96 601
97 210
97 505
97 533
99 416
99 996
100 186
100 432
100 806
100 913
101 249
101 473
101 753
101 842
102 286
102 471
102 823
103 221
103 917
103 941
104 318
104 432
104 470
104 965
105 936
106 176
106 527
106 543
106 910
107 177
107 317
107 374
107 586
108 448
108 819
108 900
109 158
109 322
109 603
109 892
110 254
110 413
110 475
111 624
112 398
112 424
112 500
112 616
113 393
113 585
114 560
114 934
116 762
117 148
117 289
117 809
118 923
119 384
120 195
120 248
120 435
120 700
121 331
121 501
122 214
122 392
122 423
123 145
123 444
123 676
124 268
124 369
124 664
124 843
125 163
125 409
125 876
126 317
126 525
126 685
126 991
127 297
127 413
127 619
127 886
128 337
129 150
129 940
130 778
131 549
131 589
132 519
133 971
134 903
135 747
135 767
137 195
137 273
138 388
138 776
139 226
139 862
140 322
140 813
141 542
141 601
142 442
143 507
143 544
143 610
143 637
143 699
143 905
144 309
144 930
145 633
146 328
147 457
147 711
148 151
148 206
149 330
151 162
151 414
151 813
152 242
152 301
152 316
152 511
152 569
152 792
153 560
154 195
154 196
154 350
154 393
154 954
155 261
155 635
155 795
155 899
156 468
156 721
156 735
156 864
157 376
157 729
157 797
158 315
158 860
160 943
161 221
161 234
161 977
163 283
163 357
163 588
163 760
163 820
164 233
164 858
164 959
165 612
165 708
166 173
168 315
168 475
168 502
168 793
169 454
169 547
169 615
169 817
170 438
171 457
171 569
172 400
172 465
172 779
172 994
173 267
173 449
174 407
174 496
174 857
175 518
175 580
175 615
176 225
176 512
176 625
177 308
177 404
177 552
177 741
177 938
177 939
178 222
179 770
179 897
179 930
180 665
180 756
180 810
181 451
181 654
181 738
182 765
182 892
183 750
184 201
184 271
184 349
184 427
185 521
186 344
186 978
187 277
187 365
187 374
187 384
187 599
188 416
188 482
188 793
189 702
189 789
190 392
191 685
191 705
191 840
192 831
193 322
193 380
194 301
194 362
194 855
196 268
196 894
197 441
197 752
197 913
198 347
198 368
198 430
198 818
198 934
199 366
199 772
199 920
200 216
200 381
200 387
200 393
200 410
200 473
200 543
200 960
201 621
201 716
202 302
202 516
202 728
203 632
203 701
204 980
205 843
206 479
206 501
206 776
207 608
207 909
207 937
208 238
208 839
210 247
211 784
212 514
212 674
213 628
214 295
215 860
216 266
216 822
216 946
217 506
218 305
218 419
218 510
218 817
218 838
219 779
219 944
219 975
220 221
221 271
221 967
223 657
223 805
223 846
224 506
225 786
226 818
227 632
227 638
228 975
229 274
229 786
229 858
229 869
231 411
232 775
232 835
233 472
234 613
235 473
235 954
236 418
237 660
237 897
238 371
238 921
239 463
239 492
239 602
240 351
240 629
240 889
241 475
241 776
241 886
242 651
242 882
243 435
243 497
245 414
246 681
246 852
246 902
246 962
247 483
247 671
247 688
248 427
248 559
248 579
248 642
248 785
248 886
249 328
249 343
249 560
250 651
250 803
250 960
251 493
253 257
253 616
253 838
253 900
254 725
256 912
257 423
257 449
257 569
257 704
257 737
257 796
257 909
258 537
259 539
259 782
259 913
260 599
261 643
262 364
262 368
262 630
263 392
264 271
264 734
265 481
265 849
266 421
266 814
266 841
267 656
269 438
270 600
271 312
271 364
271 444
271 572
271 896
272 428
272 708
273 512
273 822
274 397
274 521
274 629
274 987
275 338
275 562
275 582
275 712
277 308
277 408
277 668
278 417
279 693
280 339
280 696
281 473
281 870
282 284
282 607
282 959
283 455
283 510
284 616
285 452
286 622
286 904
287 533
287 597
287 860
288 695
288 929
289 329
289 612
289 657
289 827
289 937
290 581
290 837
291 530
294 970
295 679
296 427
296 526
296 933
297 723
299 518
299 521
299 846
300 440
300 844
301 391
301 397
301 922
301 997
302 834
302 884
303 480
303 606
303 735
303 867
304 621
304 675
304 808
305 626
306 894
307 446
307 603
307 820
309 392
309 466
309 686
310 337
310 606
310 972
311 466
312 387
312 576
312 762
313 668
314 419
315 538
315 733
315 848
317 409
317 592
318 452
319 421
319 853
320 451
320 807
321 623
321 891
322 465
322 572
323 730
324 683
326 882
327 562
327 605
328 380
328 565
328 799
329 716
329 983
330 492
330 609
330 691
330 916
331 466
331 501
332 659
332 873
333 569
333 673
334 501
334 599
335 597
335 612
336 642
336 917
337 454
337 468
337 520
337 525
337 610
337 746
339 668
339 701
339 703
340 464
340 474
340 569
340 625
341 474
341 612
342 357
342 949
344 407
345 377
346 457
347 508
347 738
347 917
348 835
348 953
349 374
349 492
349 517
349 601
349 728
350 512
350 788
350 816
351 422
351 518
351 706
352 702
353 405
353 677
354 410
354 679
355 525
355 745
355 868
357 805
358 712
359 976
360 476
360 616
360 868
362 501
363 523
363 552
363 612
363 898
363 934
364 807
365 618
365 854
365 970
366 496
366 971
367 589
368 834
370 772
370 933
370 954
372 575
372 674
374 679
374 891
375 564
376 784
377 496
377 905
378 403
378 684
379 913
380 383
380 413
380 430
380 523
380 605
380 710
381 452
381 700
382 559
382 806
382 989
383 595
383 813
384 579
384 940
384 951
385 688
385 750
385 965
386 452
387 559
388 650
388 820
389 875
389 896
390 399
390 490
391 436
391 476
391 559
391 610
391 766
391 985
392 638
393 924
394 472
394 599
394 827
395 729
397 912
397 998
399 478
399 536
399 718
399 980
400 454
400 743
400 986
402 484
402 755
402 786
403 571
403 934
404 948
405 553
405 639
405 721
405 770
406 537
406 689
406 733
406 755
406 824
406 983
407 423
407 633
408 541
408 651
408 959
409 520
409 785
409 959
410 418
410 501
410 532
410 801
410 950
411 433
412 546
413 442
413 512
413 542
413 645
413 955
414 424
414 487
414 532
414 695
414 720
415 444
415 889
416 465
416 679
416 763
417 604
417 773
418 873
418 937
419 803
420 448
421 636
422 687
422 824
422 893
423 573
423 960
424 489
424 595
425 481
426 808
427 667
427 822
428 498
428 526
428 538
429 619
431 443
432 675
433 443
434 478
434 694
435 534
436 772
436 848
437 591
437 626
437 697
437 777
438 539
438 883
438 983
439 704
439 842
440 448
440 702
440 822
440 921
440 954
440 971
441 659
441 727
441 825
442 760
445 552
445 752
445 823
446 658
447 465
447 920
448 495
448 515
449 982
450 613
451 648
451 723
451 738
451 836
451 964
452 505
452 572
452 759
453 655
455 624
455 854
456 774
459 467
459 516
460 528
460 549
460 714
462 784
462 905
463 579
463 811
464 727
464 803
466 498
466 507
466 999
467 471
467 844
467 867
469 587
469 876
469 991
470 771
472 733
473 915
475 735
475 876
476 638
478 634
479 772
479 891
480 898
482 887
482 896
483 848
484 747
484 937
486 552
486 667
487 519
488 876
489 631
489 707
489 718
491 532
493 763
494 539
495 531
495 772
496 678
496 878
497 662
498 723
499 566
499 800
500 687
500 688
501 909
502 872
503 577
503 812
505 629
505 709
505 957
506 613
506 805
506 820
506 912
507 773
507 812
511 936
512 523
512 558
512 659
512 684
512 834
512 924
517 654
517 818
518 573
518 591
518 901
519 885
520 862
521 650
521 663
521 762
522 734
522 915
523 623
523 933
525 634
525 765
526 818
526 991
527 864
527 872
527 964
528 702
530 636
530 755
531 711
532 621
533 833
536 916
536 943
536 957
536 990
537 590
539 736
539 820
539 840
540 552
540 561
540 785
541 716
542 789
543 559
543 659
546 643
549 840
549 892
550 654
550 860
551 595
551 691
552 809
553 938
554 592
554 598
554 634
554 693
554 858
555 852
555 875
555 998
556 914
557 776
559 651
560 676
561 576
561 970
562 928
563 698
563 704
563 886
564 766
564 864
565 666
568 904
568 973
569 627
570 727
570 793
572 797
576 660
577 673
577 699
580 958
581 903
586 697
586 703
586 880
586 964
587 723
588 654
589 610
590 964
592 741
592 874
592 992
593 783
593 903
593 926
594 741
594 789
595 663
596 740
597 612
598 718
598 786
598 894
598 996
599 771
599 984
600 672
600 838
600 958
601 681
601 897
601 933
603 694
603 772
603 962
604 675
604 919
605 699
605 923
606 616
606 963
608 926
609 784
609 852
610 611
610 751
611 758
612 978
613 938
616 963
617 745
617 946
618 635
618 999
619 665
619 936
619 947
620 773
620 944
621 642
621 756
624 879
625 827
627 702
627 982
627 991
628 637
632 919
633 754
633 789
633 846
634 774
636 902
637 725
637 790
637 922
640 789
645 890
647 653
648 981
649 893
650 886
651 760
653 957
654 669
655 871
655 880
656 664
657 719
657 908
658 761
658 834
660 741
662 771
663 880
664 956
664 964
666 803
667 842
668 735
668 740
668 931
669 890
670 991
671 817
671 883
675 832
676 927
679 715
679 859
682 980
684 767
684 801
685 852
686 798
686 918
687 697
690 793
690 971
691 917
692 976
696 793
696 935
698 729
698 849
704 979
705 917
707 843
710 830
710 954
711 853
715 999
717 808
717 850
717 930
718 746
719 733
719 809
720 805
720 926
722 984
723 724
723 743
725 845
728 766
728 929
729 743
729 817
729 909
730 858
730 958
731 928
732 785
733 897
734 767
735 758
737 987
738 771
739 822
739 917
741 971
742 938
743 947
745 851
745 879
746 759
746 830
746 905
747 944
748 922
750 994
751 762
752 906
753 760
754 914
756 848
758 880
758 975
759 925
759 999
761 786
762 780
762 789
764 991
766 831
767 860
768 849
771 979
772 804
772 836
773 902
775 959
777 854
779 783
780 906
782 796
782 815
782 947
783 982
792 806
795 878
798 974
801 968
803 989
807 954
808 903
808 935
808 946
811 860
815 866
816 859
820 826
822 868
825 829
825 941
828 990
829 951
830 866
830 972
831 980
832 987
833 874
835 947
839 881
844 882
846 961
848 943
849 872
852 904
853 995
862 875
864 870
864 935
866 971
868 943
871 949
873 935
874 907
876 964
880 971
881 936
883 943
883 970
889 953
895 926
896 905
896 929
900 991
906 933
908 995
920 959
924 925
933 935
936 971
941 956
952 992
955 996
956 990
959 970
977 998
