# Topology: Watts-Strogatz (n=40, k=4, p=0.3)
# Params:   n=40, k=4, p=0.3
# Nodes:    40
# Edges:    80
# Seed:     0
0 1
0 38
0 9
1 2
1 3
1 39
2 3
2 4
3 32
3 20
4 5
4 6
5 6
5 7
5 13
6 7
6 8
6 11
7 8
7 9
8 9
8 35
8 21
9 10
9 11
10 12
10 18
11 38
12 13
12 14
12 17
13 34
14 15
14 16
15 16
15 17
15 30
16 17
16 18
16 19
17 18
18 19
18 20
19 20
20 21
20 22
21 22
22 24
22 27
23 24
23 25
24 25
24 26
25 27
25 35
25 30
26 27
26 28
27 28
27 29
28 30
28 35
29 30
29 31
31 32
31 33
32 33
32 34
33 34
33 35
34 35
34 36
35 36
35 37
36 37
36 38
36 39
37 38
37 39
38 39
